              precision    recall  f1-score   support

           0       0.67      0.73      0.70       500
           1       0.22      0.36      0.28      1098
           2       0.40      0.64      0.49      1018
           3       0.75      0.79      0.77       322
           4       0.58      0.80      0.67       310
           5       0.66      0.74      0.70      1157
           6       0.42      0.36      0.39      2069
           7       0.94      0.94      0.94       461
           8       0.52      0.75      0.61      1483
           9       0.53      0.51      0.52      2019
          10       0.55      0.29      0.38      3959

    accuracy                           0.50     14396
   macro avg       0.57      0.63      0.58     14396
weighted avg       0.52      0.50      0.49     14396
