              precision    recall  f1-score   support

           0       0.65      0.73      0.69       500
           1       0.08      0.07      0.07      1098
           2       0.46      0.49      0.48      1018
           3       0.78      0.72      0.75       322
           4       0.62      0.69      0.65       310
           5       0.67      0.71      0.69      1157
           6       0.32      0.31      0.31      2069
           7       0.93      0.93      0.93       461
           8       0.58      0.60      0.59      1483
           9       0.51      0.51      0.51      2019
          10       0.48      0.49      0.49      3959

    accuracy                           0.50     14396
   macro avg       0.55      0.57      0.56     14396
weighted avg       0.49      0.50      0.49     14396
